12.0
9.0
19.0
6.0
18.0
15.0
6.0
9.0
18.0
6.0
18.0
18.0
10.0
3.0
15.0
12.0
3.0
12.0
3.0
12.0
15.0
15.0
12.0
18.0
15.0
3.0
7.0
3.0
6.0
15.0
0.0
12.0
12.0
12.0
12.0
12.0
6.0
17.0
9.0
21.0
12.0
12.0
12.0
9.0
9.0
0.0
18.0
18.0
13.0
15.0
6.0
20.0
12.0
16.0
18.0
18.0
13.0
16.0
12.0
13.0
9.0
19.0
18.0
10.0
9.0
9.0
17.0
18.0
18.0
10.0
6.0
15.0
6.0
3.0
18.0
12.0
12.0
15.0
21.0
10.0
9.0
9.0
10.0
16.0
15.0
19.0
0.0
19.0
12.0
19.0
21.0
21.0
6.0
6.0
9.0
3.0
9.0
14.0
18.0
15.0
9.0
0.0
15.0
15.0
9.0
15.0
9.0
15.0
12.0
9.0
6.0
15.0
12.0
15.0
6.0
18.0
3.0
18.0
11.0
9.0
15.0
15.0
3.0
16.0
15.0
17.0
12.0
15.0
15.0
13.0
0.0
21.0
0.0
12.0
18.0
15.0
12.0
9.0
10.0
16.0
18.0
4.0
3.0
18.0
15.0
3.0
12.0
15.0
15.0
19.0
6.0
9.0
9.0
7.0
15.0
15.0
15.0
3.0
15.0
15.0
14.0
12.0
16.0
0.0
16.0
0.0
12.0
9.0
14.0
18.0
6.0
3.0
18.0
6.0
3.0
18.0
18.0
9.0
6.0
6.0
15.0
15.0
10.0
6.0
19.0
18.0
6.0
9.0
12.0
10.0
15.0
15.0
12.0
15.0
0.0
15.0
3.0
13.0
16.0
18.0
18.0
3.0
18.0
12.0
3.0
6.0
18.0
18.0
15.0
15.0
3.0
12.0
16.0
19.0
6.0
21.0
12.0
18.0
15.0
3.0
3.0
19.0
3.0
12.0
15.0
13.0
7.0
13.0
9.0
18.0
15.0
18.0
15.0
15.0
12.0
16.0
9.0
12.0
3.0
0.0
12.0
18.0
6.0
10.0
10.0
19.0
17.0
18.0
19.0
12.0
15.0
6.0
18.0
9.0
6.0
9.0
21.0
18.0
13.0
17.0
6.0
6.0
15.0
6.0
9.0
10.0
15.0
18.0
9.0
12.0
9.0
12.0
13.0
12.0
12.0
3.0
12.0
18.0
18.0
3.0
15.0
3.0
18.0
9.0
15.0
18.0
15.0
6.0
6.0
21.0
3.0
13.0
9.0
18.0
6.0
21.0
12.0
19.0
13.0
10.0
