12.0
7.0
18.0
3.0
6.0
6.0
10.0
18.0
7.0
22.0
12.0
9.0
9.0
21.0
14.0
9.0
3.0
3.0
9.0
31.0
0.0
7.0
0.0
3.0
30.0
6.0
13.0
15.0
6.0
7.0
0.0
9.0
6.0
6.0
7.0
27.0
6.0
15.0
3.0
19.0
6.0
12.0
15.0
0.0
3.0
23.0
3.0
3.0
3.0
3.0
16.0
0.0
0.0
3.0
15.0
22.0
19.0
12.0
9.0
13.0
3.0
9.0
10.0
9.0
3.0
18.0
6.0
13.0
0.0
13.0
24.0
22.0
3.0
3.0
9.0
18.0
7.0
26.0
7.0
18.0
12.0
30.0
3.0
12.0
17.0
6.0
3.0
12.0
21.0
6.0
24.0
0.0
9.0
6.0
6.0
0.0
6.0
12.0
12.0
9.0
0.0
6.0
3.0
6.0
15.0
12.0
6.0
15.0
18.0
6.0
20.0
22.0
12.0
0.0
15.0
14.0
19.0
21.0
21.0
3.0
3.0
19.0
21.0
18.0
3.0
3.0
3.0
6.0
9.0
18.0
9.0
12.0
15.0
0.0
0.0
15.0
3.0
3.0
9.0
0.0
6.0
18.0
9.0
9.0
13.0
13.0
6.0
6.0
16.0
0.0
16.0
6.0
12.0
24.0
6.0
12.0
14.0
15.0
15.0
9.0
3.0
12.0
15.0
3.0
3.0
6.0
30.0
3.0
18.0
4.0
12.0
6.0
3.0
6.0
12.0
6.0
0.0
15.0
15.0
19.0
9.0
14.0
3.0
15.0
3.0
3.0
15.0
12.0
0.0
3.0
6.0
12.0
21.0
15.0
6.0
12.0
12.0
12.0
18.0
18.0
12.0
12.0
28.0
6.0
15.0
0.0
15.0
9.0
6.0
15.0
9.0
3.0
9.0
0.0
15.0
6.0
3.0
21.0
18.0
18.0
12.0
7.0
15.0
18.0
15.0
9.0
6.0
9.0
10.0
10.0
15.0
19.0
12.0
9.0
9.0
12.0
12.0
6.0
16.0
9.0
6.0
10.0
15.0
3.0
16.0
12.0
3.0
6.0
12.0
12.0
3.0
15.0
3.0
0.0
0.0
6.0
12.0
9.0
10.0
9.0
23.0
9.0
0.0
6.0
9.0
9.0
10.0
0.0
0.0
6.0
9.0
6.0
13.0
6.0
21.0
6.0
9.0
30.0
15.0
9.0
3.0
3.0
6.0
13.0
18.0
0.0
15.0
6.0
3.0
6.0
9.0
12.0
6.0
13.0
6.0
3.0
0.0
9.0
12.0
9.0
