9.0
12.0
3.0
6.0
15.0
0.0
3.0
3.0
0.0
12.0
9.0
9.0
3.0
0.0
3.0
24.0
0.0
10.0
6.0
9.0
0.0
3.0
6.0
3.0
0.0
0.0
3.0
3.0
0.0
3.0
9.0
3.0
0.0
9.0
12.0
0.0
0.0
3.0
0.0
0.0
0.0
0.0
0.0
0.0
0.0
6.0
0.0
6.0
6.0
3.0
9.0
6.0
3.0
0.0
9.0
6.0
0.0
6.0
12.0
3.0
6.0
10.0
6.0
0.0
6.0
0.0
0.0
0.0
0.0
6.0
9.0
6.0
3.0
9.0
0.0
0.0
3.0
3.0
0.0
0.0
14.0
3.0
3.0
3.0
0.0
6.0
6.0
6.0
6.0
22.0
6.0
0.0
6.0
3.0
6.0
9.0
3.0
3.0
6.0
6.0
6.0
6.0
6.0
6.0
0.0
7.0
6.0
3.0
3.0
6.0
3.0
4.0
9.0
0.0
0.0
9.0
9.0
6.0
3.0
6.0
3.0
12.0
0.0
3.0
0.0
0.0
6.0
0.0
3.0
0.0
0.0
3.0
4.0
3.0
6.0
0.0
0.0
3.0
3.0
3.0
0.0
0.0
0.0
0.0
3.0
0.0
3.0
9.0
12.0
3.0
0.0
6.0
3.0
0.0
3.0
15.0
0.0
3.0
10.0
7.0
9.0
9.0
3.0
0.0
0.0
0.0
3.0
9.0
3.0
0.0
9.0
6.0
0.0
3.0
3.0
6.0
3.0
9.0
3.0
0.0
3.0
3.0
0.0
0.0
6.0
12.0
0.0
6.0
6.0
3.0
9.0
7.0
0.0
3.0
0.0
0.0
3.0
6.0
9.0
7.0
6.0
3.0
0.0
0.0
15.0
6.0
3.0
3.0
3.0
9.0
18.0
6.0
15.0
0.0
0.0
3.0
3.0
3.0
0.0
3.0
3.0
3.0
3.0
3.0
9.0
3.0
0.0
9.0
3.0
0.0
0.0
3.0
0.0
9.0
0.0
3.0
3.0
3.0
18.0
3.0
6.0
9.0
6.0
9.0
6.0
9.0
0.0
12.0
9.0
6.0
10.0
6.0
3.0
3.0
0.0
0.0
9.0
3.0
0.0
6.0
3.0
3.0
3.0
21.0
3.0
6.0
0.0
3.0
3.0
6.0
3.0
6.0
12.0
9.0
12.0
9.0
6.0
3.0
3.0
6.0
6.0
0.0
6.0
6.0
4.0
4.0
6.0
9.0
3.0
3.0
0.0
0.0
12.0
13.0
9.0
15.0
11.0
6.0
12.0
0.0
