9.0
0.0
9.0
9.0
9.0
0.0
4.0
0.0
0.0
6.0
3.0
6.0
6.0
3.0
0.0
6.0
10.0
0.0
9.0
0.0
3.0
12.0
6.0
0.0
12.0
9.0
6.0
7.0
6.0
0.0
6.0
3.0
3.0
13.0
3.0
9.0
6.0
6.0
3.0
9.0
13.0
3.0
0.0
6.0
6.0
7.0
3.0
6.0
0.0
0.0
9.0
6.0
3.0
3.0
3.0
3.0
9.0
3.0
16.0
6.0
3.0
6.0
6.0
3.0
3.0
0.0
6.0
6.0
9.0
12.0
3.0
13.0
13.0
0.0
6.0
3.0
12.0
3.0
4.0
6.0
0.0
6.0
9.0
12.0
6.0
6.0
4.0
12.0
12.0
3.0
3.0
7.0
15.0
4.0
10.0
0.0
6.0
0.0
6.0
9.0
6.0
4.0
3.0
0.0
3.0
6.0
0.0
9.0
6.0
3.0
6.0
12.0
9.0
0.0
9.0
6.0
3.0
15.0
9.0
3.0
6.0
9.0
0.0
3.0
3.0
9.0
6.0
3.0
3.0
3.0
3.0
0.0
0.0
12.0
3.0
13.0
3.0
3.0
9.0
3.0
15.0
9.0
4.0
0.0
12.0
6.0
3.0
9.0
9.0
6.0
0.0
0.0
0.0
0.0
0.0
6.0
3.0
3.0
6.0
3.0
9.0
0.0
3.0
3.0
12.0
7.0
10.0
10.0
6.0
3.0
9.0
10.0
3.0
12.0
9.0
3.0
9.0
6.0
6.0
3.0
6.0
6.0
9.0
3.0
6.0
3.0
7.0
9.0
6.0
3.0
0.0
9.0
0.0
3.0
12.0
7.0
9.0
6.0
6.0
3.0
0.0
8.0
3.0
0.0
12.0
6.0
3.0
6.0
3.0
3.0
6.0
0.0
3.0
13.0
9.0
0.0
3.0
6.0
12.0
3.0
3.0
9.0
12.0
0.0
0.0
0.0
0.0
3.0
0.0
0.0
3.0
0.0
6.0
13.0
0.0
6.0
0.0
3.0
6.0
6.0
3.0
3.0
3.0
10.0
10.0
12.0
9.0
0.0
3.0
9.0
0.0
10.0
3.0
13.0
6.0
6.0
9.0
6.0
6.0
3.0
10.0
6.0
0.0
4.0
3.0
6.0
0.0
4.0
0.0
6.0
0.0
3.0
6.0
6.0
15.0
0.0
6.0
3.0
0.0
6.0
9.0
0.0
7.0
9.0
12.0
3.0
12.0
3.0
10.0
3.0
6.0
3.0
6.0
3.0
9.0
6.0
7.0
3.0
3.0
6.0
