24.0
24.0
21.0
27.0
24.0
20.0
25.0
22.0
28.0
27.0
21.0
24.0
25.0
21.0
24.0
16.0
27.0
21.0
30.0
15.0
29.0
27.0
21.0
28.0
25.0
28.0
9.0
22.0
18.0
30.0
21.0
28.0
24.0
30.0
18.0
15.0
25.0
18.0
24.0
30.0
19.0
21.0
27.0
28.0
24.0
25.0
18.0
18.0
23.0
21.0
30.0
22.0
30.0
27.0
21.0
24.0
23.0
24.0
30.0
19.0
25.0
27.0
18.0
24.0
23.0
24.0
25.0
29.0
30.0
21.0
22.0
20.0
24.0
25.0
24.0
13.0
19.0
26.0
18.0
18.0
26.0
18.0
27.0
21.0
28.0
25.0
27.0
21.0
24.0
25.0
18.0
22.0
16.0
24.0
18.0
21.0
15.0
24.0
12.0
22.0
25.0
27.0
15.0
21.0
21.0
25.0
27.0
28.0
25.0
18.0
27.0
9.0
27.0
24.0
27.0
22.0
24.0
24.0
23.0
21.0
20.0
25.0
29.0
27.0
19.0
24.0
22.0
22.0
24.0
21.0
24.0
18.0
18.0
24.0
0.0
21.0
19.0
22.0
22.0
17.0
26.0
21.0
27.0
21.0
28.0
16.0
25.0
30.0
9.0
22.0
18.0
22.0
24.0
25.0
27.0
20.0
28.0
12.0
28.0
24.0
21.0
28.0
24.0
27.0
24.0
16.0
23.0
21.0
18.0
18.0
25.0
27.0
19.0
19.0
21.0
24.0
24.0
25.0
30.0
21.0
25.0
3.0
24.0
22.0
18.0
25.0
24.0
15.0
27.0
26.0
26.0
22.0
24.0
18.0
18.0
24.0
21.0
24.0
27.0
24.0
24.0
18.0
20.0
23.0
22.0
24.0
28.0
18.0
24.0
24.0
29.0
22.0
24.0
28.0
27.0
21.0
26.0
24.0
24.0
25.0
28.0
21.0
24.0
20.0
15.0
27.0
27.0
28.0
12.0
21.0
28.0
24.0
16.0
18.0
26.0
26.0
23.0
21.0
23.0
21.0
21.0
25.0
21.0
22.0
24.0
27.0
21.0
26.0
22.0
21.0
19.0
28.0
25.0
24.0
28.0
23.0
24.0
21.0
21.0
27.0
22.0
24.0
22.0
21.0
24.0
24.0
24.0
25.0
24.0
18.0
22.0
24.0
16.0
25.0
22.0
22.0
28.0
24.0
27.0
16.0
18.0
19.0
21.0
24.0
24.0
27.0
19.0
18.0
21.0
34.0
28.0
23.0
24.0
27.0
21.0
21.0
23.0
24.0
27.0
19.0
24.0
27.0
23.0
18.0
24.0
24.0
21.0
13.0
24.0
24.0
25.0
21.0
21.0
15.0
18.0
24.0
21.0
28.0
21.0
22.0
28.0
19.0
21.0
18.0
18.0
31.0
24.0
15.0
20.0
22.0
27.0
24.0
14.0
24.0
28.0
21.0
18.0
28.0
24.0
24.0
27.0
24.0
27.0
22.0
29.0
24.0
24.0
31.0
22.0
21.0
23.0
21.0
25.0
15.0
27.0
27.0
21.0
28.0
23.0
25.0
18.0
21.0
21.0
14.0
17.0
12.0
28.0
21.0
25.0
16.0
15.0
24.0
27.0
25.0
25.0
24.0
21.0
19.0
19.0
23.0
24.0
21.0
25.0
21.0
25.0
22.0
25.0
12.0
20.0
25.0
30.0
21.0
22.0
25.0
23.0
21.0
18.0
16.0
18.0
21.0
22.0
23.0
26.0
18.0
27.0
21.0
19.0
24.0
21.0
25.0
18.0
22.0
21.0
18.0
22.0
31.0
24.0
21.0
15.0
21.0
27.0
28.0
18.0
24.0
28.0
27.0
27.0
21.0
24.0
20.0
25.0
27.0
28.0
15.0
27.0
24.0
24.0
24.0
24.0
26.0
27.0
24.0
15.0
26.0
27.0
25.0
20.0
19.0
24.0
18.0
29.0
19.0
19.0
24.0
21.0
26.0
9.0
24.0
19.0
24.0
27.0
21.0
19.0
27.0
24.0
18.0
21.0
24.0
21.0
24.0
22.0
26.0
24.0
21.0
24.0
24.0
24.0
15.0
18.0
19.0
29.0
24.0
24.0
22.0
24.0
21.0
18.0
24.0
25.0
21.0
27.0
18.0
18.0
24.0
21.0
29.0
18.0
25.0
21.0
21.0
