43.0
45.0
38.0
33.0
42.0
25.0
32.0
33.0
34.0
40.0
35.0
39.0
36.0
33.0
45.0
46.0
37.0
33.0
36.0
36.0
33.0
38.0
33.0
41.0
50.0
22.0
31.0
36.0
40.0
36.0
24.0
46.0
39.0
37.0
47.0
36.0
34.0
37.0
34.0
30.0
40.0
39.0
43.0
44.0
35.0
46.0
48.0
17.0
28.0
39.0
18.0
28.0
27.0
18.0
33.0
42.0
30.0
36.0
48.0
39.0
43.0
41.0
30.0
43.0
41.0
37.0
48.0
42.0
40.0
33.0
34.0
46.0
39.0
38.0
33.0
39.0
40.0
29.0
36.0
36.0
43.0
43.0
42.0
36.0
32.0
39.0
36.0
30.0
37.0
24.0
43.0
37.0
41.0
42.0
41.0
39.0
39.0
36.0
48.0
46.0
39.0
40.0
36.0
34.0
36.0
27.0
39.0
43.0
43.0
33.0
36.0
30.0
36.0
16.0
38.0
43.0
45.0
40.0
36.0
38.0
32.0
9.0
40.0
33.0
37.0
43.0
31.0
39.0
39.0
33.0
41.0
40.0
39.0
48.0
43.0
34.0
45.0
30.0
31.0
45.0
39.0
42.0
36.0
39.0
37.0
30.0
36.0
40.0
43.0
45.0
38.0
21.0
36.0
39.0
29.0
47.0
40.0
46.0
39.0
33.0
36.0
43.0
34.0
51.0
39.0
42.0
39.0
42.0
39.0
34.0
30.0
45.0
27.0
38.0
18.0
33.0
45.0
33.0
34.0
27.0
36.0
33.0
35.0
31.0
45.0
28.0
38.0
37.0
39.0
42.0
39.0
31.0
45.0
25.0
33.0
37.0
31.0
45.0
45.0
28.0
39.0
40.0
46.0
21.0
43.0
39.0
46.0
32.0
36.0
42.0
39.0
37.0
46.0
33.0
32.0
27.0
37.0
36.0
45.0
33.0
36.0
38.0
41.0
27.0
46.0
45.0
10.0
37.0
31.0
43.0
44.0
37.0
30.0
42.0
34.0
40.0
28.0
37.0
21.0
31.0
40.0
39.0
30.0
27.0
41.0
40.0
42.0
37.0
30.0
40.0
29.0
30.0
36.0
36.0
31.0
38.0
40.0
48.0
27.0
36.0
29.0
24.0
38.0
39.0
47.0
33.0
27.0
39.0
31.0
43.0
42.0
39.0
36.0
37.0
38.0
18.0
34.0
30.0
41.0
49.0
31.0
40.0
34.0
45.0
34.0
39.0
48.0
37.0
37.0
31.0
45.0
37.0
33.0
32.0
37.0
30.0
33.0
36.0
41.0
36.0
39.0
46.0
40.0
33.0
37.0
41.0
43.0
45.0
43.0
39.0
36.0
36.0
27.0
42.0
33.0
27.0
39.0
16.0
21.0
45.0
38.0
36.0
27.0
28.0
43.0
42.0
33.0
34.0
34.0
48.0
34.0
43.0
36.0
28.0
36.0
36.0
29.0
43.0
34.0
44.0
41.0
38.0
45.0
40.0
36.0
34.0
28.0
30.0
35.0
6.0
45.0
42.0
38.0
34.0
42.0
31.0
45.0
42.0
45.0
34.0
43.0
38.0
33.0
50.0
31.0
42.0
45.0
48.0
39.0
40.0
32.0
36.0
46.0
39.0
24.0
37.0
36.0
39.0
45.0
34.0
34.0
34.0
40.0
27.0
44.0
36.0
33.0
33.0
34.0
39.0
37.0
27.0
18.0
49.0
36.0
33.0
41.0
18.0
26.0
40.0
37.0
40.0
23.0
39.0
40.0
44.0
41.0
37.0
33.0
39.0
25.0
36.0
41.0
27.0
42.0
36.0
37.0
27.0
27.0
41.0
3.0
30.0
15.0
49.0
37.0
41.0
39.0
43.0
58.0
30.0
12.0
27.0
39.0
30.0
29.0
46.0
44.0
30.0
34.0
30.0
39.0
42.0
31.0
39.0
45.0
29.0
34.0
49.0
36.0
39.0
39.0
24.0
36.0
37.0
34.0
42.0
40.0
30.0
42.0
30.0
31.0
37.0
36.0
33.0
34.0
34.0
39.0
43.0
36.0
33.0
42.0
34.0
34.0
34.0
25.0
33.0
40.0
49.0
42.0
9.0
41.0
49.0
24.0
40.0
43.0
36.0
37.0
41.0
27.0
45.0
38.0
40.0
45.0
36.0
45.0
39.0
30.0
40.0
24.0
30.0
27.0
48.0
31.0
39.0
39.0
41.0
37.0
33.0
36.0
34.0
39.0
36.0
24.0
37.0
28.0
43.0
43.0
35.0
40.0
6.0
28.0
33.0
32.0
37.0
31.0
49.0
36.0
43.0
42.0
6.0
34.0
30.0
44.0
33.0
30.0
48.0
33.0
42.0
40.0
40.0
33.0
30.0
27.0
47.0
44.0
31.0
30.0
42.0
42.0
42.0
36.0
33.0
34.0
37.0
36.0
49.0
32.0
36.0
39.0
36.0
47.0
45.0
27.0
32.0
35.0
33.0
51.0
36.0
32.0
34.0
42.0
15.0
40.0
40.0
39.0
33.0
33.0
40.0
27.0
42.0
15.0
40.0
25.0
37.0
43.0
40.0
37.0
35.0
33.0
42.0
37.0
40.0
39.0
48.0
43.0
29.0
39.0
42.0
36.0
52.0
42.0
41.0
46.0
26.0
34.0
36.0
42.0
36.0
37.0
31.0
43.0
33.0
49.0
31.0
33.0
15.0
43.0
34.0
30.0
31.0
45.0
42.0
37.0
40.0
21.0
21.0
9.0
26.0
52.0
48.0
39.0
43.0
39.0
40.0
36.0
36.0
39.0
32.0
31.0
46.0
39.0
29.0
36.0
42.0
40.0
35.0
18.0
24.0
36.0
40.0
33.0
43.0
41.0
44.0
34.0
39.0
40.0
39.0
40.0
30.0
42.0
43.0
41.0
37.0
39.0
25.0
31.0
44.0
42.0
41.0
40.0
30.0
37.0
41.0
24.0
46.0
49.0
45.0
28.0
37.0
45.0
35.0
34.0
39.0
45.0
24.0
24.0
27.0
6.0
58.0
41.0
37.0
36.0
42.0
40.0
34.0
30.0
37.0
35.0
36.0
6.0
39.0
45.0
48.0
33.0
47.0
33.0
24.0
37.0
33.0
33.0
40.0
35.0
33.0
45.0
27.0
29.0
40.0
45.0
46.0
45.0
39.0
34.0
27.0
38.0
25.0
45.0
36.0
52.0
43.0
25.0
44.0
39.0
32.0
27.0
45.0
36.0
33.0
36.0
34.0
22.0
36.0
43.0
46.0
41.0
25.0
40.0
37.0
31.0
36.0
31.0
37.0
27.0
33.0
34.0
42.0
49.0
30.0
32.0
15.0
26.0
34.0
42.0
37.0
25.0
21.0
39.0
39.0
33.0
44.0
43.0
40.0
33.0
33.0
33.0
42.0
38.0
36.0
38.0
38.0
38.0
44.0
9.0
42.0
33.0
25.0
49.0
38.0
37.0
34.0
28.0
39.0
42.0
38.0
39.0
46.0
46.0
52.0
31.0
43.0
42.0
40.0
46.0
36.0
44.0
36.0
34.0
44.0
28.0
33.0
45.0
39.0
27.0
37.0
18.0
42.0
37.0
36.0
36.0
48.0
36.0
39.0
42.0
28.0
33.0
45.0
49.0
12.0
39.0
40.0
38.0
34.0
30.0
0.0
42.0
39.0
34.0
41.0
39.0
33.0
42.0
46.0
40.0
39.0
25.0
44.0
21.0
43.0
36.0
39.0
42.0
48.0
40.0
42.0
41.0
29.0
31.0
28.0
33.0
46.0
27.0
39.0
39.0
43.0
42.0
40.0
42.0
31.0
36.0
31.0
39.0
27.0
24.0
12.0
45.0
41.0
13.0
45.0
47.0
33.0
39.0
36.0
30.0
38.0
39.0
48.0
33.0
40.0
20.0
43.0
42.0
39.0
33.0
40.0
33.0
21.0
43.0
34.0
27.0
9.0
34.0
37.0
42.0
37.0
37.0
40.0
46.0
43.0
36.0
45.0
33.0
27.0
12.0
31.0
43.0
36.0
45.0
43.0
33.0
24.0
49.0
40.0
42.0
47.0
40.0
48.0
43.0
36.0
9.0
38.0
36.0
45.0
33.0
22.0
33.0
36.0
33.0
28.0
31.0
39.0
39.0
42.0
27.0
10.0
37.0
30.0
34.0
36.0
39.0
30.0
40.0
40.0
42.0
42.0
36.0
36.0
33.0
44.0
44.0
33.0
36.0
38.0
42.0
34.0
31.0
42.0
37.0
45.0
18.0
33.0
45.0
36.0
43.0
33.0
45.0
34.0
27.0
47.0
32.0
50.0
15.0
30.0
41.0
37.0
42.0
35.0
43.0
37.0
35.0
39.0
30.0
34.0
39.0
24.0
37.0
30.0
42.0
40.0
47.0
38.0
