40000 6.16425
60000 6.466
80000 6.4345
100000 6.986
120000 7.281
140000 8.036
160000 8.7655
180000 9.6595
200000 10.6855
220000 11.321
240000 11.981
260000 12.2935
280000 12.9375
300000 13.4745
320000 13.6665
340000 14.0965
360000 14.3435
380000 14.552
400000 15.0875
420000 15.288
440000 15.82
460000 15.889
480000 16.158
500000 16.459
520000 16.79
540000 17.082
560000 17.4485
580000 17.4845
600000 17.6995
620000 18.1005
640000 18.3
660000 18.3375
680000 18.6515
700000 18.7955
720000 18.966
740000 19.3665
760000 19.4875
780000 19.5505
800000 19.916
820000 20.0865
840000 20.1635
860000 20.3595
880000 20.663
900000 20.7445
920000 21.104
940000 21.3025
960000 21.3575
980000 21.4715
1000000 21.4685
