40000 5.87325
60000 5.059
80000 5.542
100000 5.5505
120000 6.3795
140000 7.8855
160000 9.873
180000 10.7985
200000 12.6455
220000 14.0175
240000 14.436
260000 14.622
280000 15.222
300000 15.7515
320000 15.9175
340000 16.108
360000 16.206
380000 16.794
400000 15.937
420000 17.2485
440000 17.651
460000 17.9245
480000 18.2005
500000 18.0415
520000 18.167
540000 18.049
560000 18.472
580000 18.2645
600000 18.1125
620000 18.153
640000 18.347
660000 18.4985
680000 18.4105
700000 18.7125
720000 18.688
740000 18.87
760000 18.53
780000 18.555
800000 18.633
820000 17.8635
840000 18.609
860000 18.2575
880000 18.06
900000 18.589
920000 17.909
940000 18.336
960000 18.177
980000 18.5935
1000000 18.997
