40000 5.76575
60000 5.819
80000 5.784
100000 6.159
120000 7.552
140000 9.422
160000 12.9425
180000 15.198
200000 16.0625
220000 16.756
240000 16.9055
260000 16.8165
280000 17.62
300000 17.7665
320000 17.78
340000 18.182
360000 17.6485
380000 17.881
400000 18.119
420000 18.233
440000 18.4855
460000 18.3685
480000 18.47
500000 18.6335
520000 18.8405
540000 18.9535
560000 18.818
580000 18.903
600000 18.7905
620000 19.3245
640000 19.354
660000 19.671
680000 19.8505
700000 19.8885
720000 19.527
740000 19.6575
760000 19.7635
780000 19.837
800000 19.8925
820000 20.234
840000 20.1885
860000 19.714
880000 20.077
900000 19.943
920000 19.582
940000 20.0315
960000 19.749
980000 20.0335
1000000 19.8855
