40000 6.253
60000 7.1595
80000 7.8475
100000 9.085
120000 10.017
140000 10.639
160000 11.09
180000 11.23
200000 11.8445
220000 11.8985
240000 12.722
260000 12.967
280000 13.297
300000 13.5145
320000 13.9415
340000 14.0805
360000 14.7085
380000 14.855
400000 14.9435
420000 15.362
440000 15.6395
460000 15.889
480000 16.0315
500000 16.434
520000 16.601
540000 16.7855
560000 17.054
580000 17.443
600000 17.562
620000 17.732
640000 18.1335
660000 18.3715
680000 18.658
700000 18.817
720000 19.109
740000 18.8905
760000 19.3545
780000 19.6095
800000 19.792
820000 20.0445
840000 20.0575
860000 20.2895
880000 20.29
900000 20.3125
920000 20.122
940000 20.4225
960000 20.469
980000 20.099
