50.0
44.0
55.0
46.0
48.0
48.0
48.0
59.0
46.0
50.0
48.0
48.0
52.0
52.0
39.0
47.0
43.0
52.0
54.0
51.0
43.0
56.0
46.0
51.0
49.0
48.0
49.0
48.0
49.0
48.0
50.0
57.0
35.0
45.0
42.0
48.0
52.0
46.0
55.0
56.0
47.0
48.0
45.0
50.0
48.0
48.0
54.0
39.0
48.0
46.0
45.0
42.0
46.0
48.0
51.0
52.0
48.0
43.0
53.0
49.0
46.0
39.0
53.0
39.0
56.0
48.0
50.0
51.0
49.0
48.0
47.0
54.0
37.0
52.0
49.0
48.0
54.0
51.0
45.0
51.0
43.0
54.0
45.0
46.0
57.0
53.0
54.0
37.0
51.0
49.0
43.0
52.0
55.0
42.0
52.0
43.0
55.0
51.0
61.0
49.0
