39.0
49.0
57.0
46.0
51.0
57.0
46.0
42.0
40.0
51.0
57.0
53.0
48.0
45.0
43.0
45.0
39.0
52.0
45.0
48.0
49.0
52.0
53.0
49.0
51.0
46.0
39.0
48.0
59.0
39.0
49.0
45.0
52.0
52.0
50.0
53.0
47.0
55.0
51.0
54.0
50.0
55.0
49.0
45.0
53.0
54.0
44.0
42.0
51.0
52.0
52.0
48.0
49.0
46.0
51.0
55.0
44.0
44.0
45.0
46.0
45.0
54.0
49.0
45.0
45.0
51.0
39.0
51.0
42.0
49.0
56.0
64.0
49.0
53.0
44.0
46.0
38.0
49.0
42.0
47.0
54.0
51.0
57.0
58.0
47.0
49.0
46.0
54.0
40.0
53.0
42.0
42.0
56.0
48.0
48.0
41.0
55.0
48.0
43.0
53.0
