22.0
26.0
60.0
22.0
37.0
31.0
35.0
23.0
47.0
36.0
24.0
17.0
23.0
35.0
19.0
41.0
64.0
18.0
27.0
45.0
42.0
30.0
54.0
70.0
35.0
27.0
54.0
61.0
30.0
32.0
69.0
24.0
33.0
67.0
15.0
24.0
33.0
39.0
33.0
30.0
10.0
22.0
15.0
52.0
69.0
34.0
49.0
27.0
33.0
38.0
28.0
24.0
41.0
28.0
52.0
111.0
63.0
32.0
23.0
97.0
38.0
50.0
99.0
25.0
71.0
49.0
64.0
44.0
24.0
61.0
40.0
23.0
30.0
23.0
30.0
26.0
76.0
36.0
18.0
19.0
75.0
85.0
38.0
25.0
29.0
91.0
39.0
108.0
63.0
22.0
34.0
27.0
25.0
48.0
48.0
21.0
40.0
47.0
42.0
104.0
41.0
56.0
43.0
27.0
30.0
40.0
60.0
43.0
28.0
25.0
21.0
39.0
33.0
11.0
31.0
36.0
29.0
30.0
44.0
41.0
62.0
74.0
18.0
49.0
46.0
145.0
24.0
26.0
48.0
28.0
27.0
22.0
54.0
19.0
35.0
42.0
33.0
39.0
18.0
37.0
37.0
34.0
65.0
109.0
46.0
28.0
59.0
32.0
40.0
24.0
65.0
42.0
22.0
32.0
19.0
28.0
115.0
52.0
48.0
33.0
35.0
36.0
18.0
63.0
42.0
24.0
69.0
52.0
28.0
88.0
44.0
48.0
34.0
26.0
27.0
37.0
24.0
18.0
40.0
48.0
27.0
34.0
76.0
28.0
33.0
95.0
71.0
18.0
49.0
42.0
154.0
91.0
31.0
22.0
46.0
37.0
29.0
18.0
48.0
24.0
26.0
30.0
31.0
30.0
21.0
16.0
47.0
21.0
84.0
30.0
30.0
24.0
50.0
33.0
74.0
45.0
47.0
95.0
37.0
36.0
33.0
39.0
70.0
27.0
21.0
47.0
38.0
15.0
30.0
47.0
27.0
28.0
63.0
37.0
53.0
47.0
36.0
45.0
50.0
30.0
73.0
39.0
70.0
76.0
42.0
28.0
54.0
43.0
33.0
48.0
58.0
42.0
69.0
24.0
34.0
21.0
31.0
76.0
24.0
21.0
38.0
30.0
25.0
19.0
31.0
110.0
25.0
30.0
19.0
27.0
70.0
132.0
31.0
23.0
52.0
72.0
60.0
24.0
33.0
29.0
45.0
44.0
67.0
53.0
85.0
43.0
42.0
34.0
28.0
36.0
29.0
26.0
30.0
44.0
36.0
29.0
43.0
29.0
26.0
52.0
