58.0
55.0
26.0
24.0
44.0
18.0
67.0
18.0
9.0
36.0
27.0
21.0
24.0
32.0
31.0
31.0
88.0
18.0
66.0
25.0
31.0
28.0
42.0
33.0
32.0
72.0
27.0
74.0
116.0
37.0
24.0
38.0
37.0
172.0
15.0
21.0
34.0
31.0
32.0
37.0
43.0
58.0
33.0
36.0
92.0
47.0
35.0
73.0
76.0
56.0
51.0
24.0
37.0
64.0
30.0
37.0
36.0
25.0
53.0
31.0
31.0
25.0
38.0
45.0
44.0
30.0
58.0
27.0
129.0
33.0
107.0
36.0
28.0
28.0
76.0
22.0
28.0
30.0
36.0
37.0
25.0
52.0
30.0
31.0
30.0
27.0
79.0
73.0
125.0
45.0
36.0
27.0
29.0
25.0
24.0
27.0
27.0
55.0
31.0
37.0
30.0
36.0
19.0
112.0
37.0
41.0
18.0
32.0
74.0
42.0
32.0
52.0
107.0
34.0
29.0
37.0
29.0
31.0
27.0
34.0
27.0
40.0
27.0
45.0
71.0
50.0
18.0
28.0
15.0
36.0
25.0
28.0
36.0
21.0
13.0
74.0
28.0
27.0
52.0
35.0
110.0
45.0
49.0
38.0
30.0
49.0
27.0
43.0
30.0
40.0
38.0
78.0
21.0
62.0
33.0
49.0
62.0
70.0
44.0
66.0
95.0
38.0
167.0
33.0
108.0
45.0
33.0
40.0
39.0
59.0
59.0
48.0
48.0
36.0
77.0
30.0
40.0
65.0
18.0
37.0
11.0
37.0
35.0
39.0
29.0
27.0
51.0
12.0
101.0
30.0
25.0
22.0
42.0
24.0
69.0
30.0
82.0
95.0
75.0
37.0
51.0
37.0
33.0
60.0
37.0
60.0
43.0
21.0
40.0
31.0
49.0
36.0
25.0
58.0
84.0
34.0
49.0
15.0
24.0
30.0
27.0
90.0
68.0
28.0
24.0
27.0
23.0
21.0
25.0
52.0
42.0
24.0
41.0
156.0
28.0
38.0
63.0
51.0
54.0
24.0
42.0
31.0
121.0
27.0
40.0
39.0
61.0
34.0
30.0
35.0
30.0
21.0
24.0
28.0
45.0
74.0
81.0
72.0
54.0
31.0
30.0
58.0
39.0
24.0
24.0
52.0
57.0
30.0
25.0
46.0
63.0
23.0
36.0
24.0
56.0
71.0
26.0
51.0
50.0
28.0
42.0
33.0
31.0
37.0
32.0
15.0
41.0
50.0
47.0
91.0
46.0
70.0
82.0
37.0
57.0
43.0
42.0
60.0
34.0
92.0
