49.0
47.0
132.0
25.0
31.0
83.0
68.0
24.0
60.0
51.0
48.0
33.0
59.0
21.0
31.0
25.0
36.0
28.0
231.0
42.0
107.0
28.0
110.0
30.0
18.0
86.0
27.0
24.0
198.0
43.0
24.0
77.0
23.0
60.0
42.0
37.0
18.0
46.0
30.0
28.0
40.0
28.0
53.0
45.0
23.0
58.0
64.0
50.0
35.0
34.0
25.0
30.0
27.0
45.0
30.0
51.0
27.0
27.0
21.0
30.0
50.0
53.0
94.0
30.0
24.0
37.0
58.0
112.0
31.0
82.0
17.0
43.0
28.0
221.0
187.0
35.0
24.0
37.0
59.0
46.0
30.0
112.0
27.0
143.0
57.0
78.0
33.0
24.0
61.0
22.0
31.0
43.0
33.0
25.0
38.0
32.0
57.0
34.0
53.0
39.0
45.0
49.0
45.0
28.0
26.0
43.0
52.0
24.0
54.0
30.0
39.0
37.0
27.0
36.0
18.0
13.0
25.0
27.0
65.0
39.0
127.0
32.0
41.0
72.0
28.0
58.0
24.0
58.0
90.0
41.0
40.0
12.0
28.0
24.0
51.0
42.0
30.0
32.0
60.0
52.0
46.0
29.0
27.0
37.0
46.0
30.0
21.0
23.0
25.0
45.0
26.0
198.0
28.0
151.0
59.0
27.0
24.0
93.0
15.0
21.0
22.0
54.0
28.0
33.0
161.0
21.0
21.0
24.0
85.0
40.0
77.0
22.0
33.0
22.0
48.0
34.0
24.0
22.0
76.0
24.0
76.0
31.0
32.0
43.0
37.0
27.0
52.0
21.0
24.0
101.0
111.0
42.0
21.0
27.0
18.0
25.0
27.0
49.0
58.0
12.0
32.0
22.0
132.0
33.0
41.0
91.0
24.0
26.0
37.0
52.0
84.0
23.0
28.0
19.0
47.0
40.0
60.0
33.0
88.0
73.0
30.0
37.0
18.0
32.0
39.0
27.0
24.0
36.0
24.0
74.0
24.0
73.0
13.0
29.0
28.0
27.0
28.0
21.0
30.0
25.0
28.0
15.0
27.0
18.0
24.0
78.0
23.0
55.0
18.0
68.0
42.0
15.0
16.0
27.0
50.0
22.0
69.0
127.0
54.0
18.0
84.0
24.0
118.0
77.0
58.0
18.0
27.0
18.0
34.0
21.0
31.0
67.0
93.0
116.0
24.0
21.0
70.0
18.0
43.0
24.0
97.0
88.0
26.0
25.0
73.0
22.0
61.0
29.0
37.0
57.0
30.0
24.0
65.0
22.0
21.0
24.0
16.0
53.0
21.0
22.0
