40000 6.34025
60000 6.8915
80000 8.7535
100000 9.624
120000 10.0235
140000 10.6995
160000 10.841
180000 11.1455
200000 11.9145
220000 12.206
240000 12.588
260000 13.1075
280000 13.464
300000 13.8615
320000 14.1105
340000 14.5745
360000 14.898
380000 14.9745
400000 15.2465
420000 15.562
440000 15.763
460000 16.509
480000 16.5045
500000 16.698
520000 17.171
540000 17.6245
560000 17.7415
580000 18.141
600000 18.099
620000 18.439
640000 18.539
660000 18.856
680000 19.2665
700000 19.4
720000 19.4135
740000 19.806
760000 19.9445
780000 20.178
800000 20.208
820000 20.395
840000 20.7325
860000 20.745
880000 21.0695
900000 21.213
920000 21.4015
940000 21.5115
960000 21.824
980000 21.795
