48.0
52.0
43.0
54.0
56.0
43.0
43.0
42.0
47.0
43.0
46.0
47.0
42.0
45.0
55.0
50.0
61.0
48.0
38.0
40.0
49.0
54.0
54.0
54.0
45.0
47.0
52.0
55.0
49.0
47.0
46.0
49.0
55.0
49.0
46.0
52.0
36.0
43.0
52.0
45.0
45.0
54.0
42.0
49.0
42.0
48.0
46.0
44.0
50.0
45.0
50.0
52.0
61.0
49.0
52.0
57.0
48.0
48.0
49.0
53.0
45.0
44.0
38.0
44.0
46.0
59.0
51.0
42.0
45.0
54.0
47.0
46.0
49.0
50.0
44.0
48.0
52.0
51.0
44.0
43.0
54.0
50.0
47.0
46.0
49.0
49.0
60.0
51.0
48.0
47.0
45.0
51.0
43.0
46.0
48.0
51.0
53.0
55.0
41.0
50.0
