42.0
40.0
37.0
42.0
36.0
42.0
36.0
36.0
43.0
38.0
40.0
35.0
40.0
36.0
46.0
55.0
36.0
50.0
39.0
33.0
36.0
46.0
45.0
50.0
38.0
45.0
40.0
42.0
44.0
27.0
34.0
42.0
34.0
39.0
53.0
46.0
52.0
39.0
48.0
40.0
45.0
37.0
36.0
34.0
45.0
45.0
55.0
39.0
40.0
52.0
30.0
42.0
48.0
39.0
51.0
39.0
45.0
43.0
49.0
46.0
39.0
43.0
33.0
36.0
39.0
50.0
48.0
39.0
45.0
45.0
40.0
48.0
46.0
43.0
42.0
39.0
51.0
52.0
47.0
49.0
33.0
30.0
44.0
53.0
50.0
42.0
39.0
33.0
37.0
38.0
43.0
37.0
36.0
32.0
47.0
31.0
30.0
56.0
43.0
27.0
33.0
33.0
42.0
42.0
40.0
50.0
36.0
39.0
51.0
42.0
33.0
36.0
43.0
46.0
48.0
45.0
45.0
45.0
40.0
43.0
33.0
39.0
51.0
31.0
37.0
18.0
27.0
42.0
40.0
36.0
45.0
49.0
33.0
39.0
48.0
46.0
39.0
41.0
43.0
40.0
39.0
34.0
30.0
36.0
41.0
42.0
51.0
43.0
36.0
44.0
37.0
43.0
33.0
33.0
34.0
50.0
39.0
42.0
33.0
41.0
42.0
33.0
46.0
45.0
28.0
37.0
57.0
50.0
36.0
42.0
56.0
24.0
48.0
36.0
30.0
38.0
43.0
51.0
41.0
49.0
28.0
33.0
45.0
51.0
27.0
45.0
42.0
46.0
43.0
48.0
36.0
42.0
33.0
36.0
37.0
33.0
51.0
46.0
44.0
45.0
36.0
38.0
30.0
46.0
39.0
38.0
56.0
45.0
46.0
36.0
47.0
40.0
36.0
42.0
45.0
48.0
45.0
45.0
52.0
43.0
30.0
42.0
54.0
39.0
39.0
36.0
30.0
33.0
35.0
21.0
39.0
39.0
37.0
45.0
46.0
42.0
46.0
36.0
52.0
39.0
43.0
57.0
43.0
39.0
45.0
34.0
43.0
36.0
30.0
56.0
49.0
53.0
39.0
42.0
42.0
47.0
48.0
47.0
49.0
33.0
21.0
51.0
48.0
36.0
36.0
33.0
39.0
39.0
36.0
48.0
41.0
48.0
57.0
43.0
32.0
42.0
37.0
47.0
30.0
24.0
46.0
33.0
39.0
33.0
43.0
48.0
42.0
38.0
46.0
39.0
36.0
24.0
37.0
45.0
48.0
33.0
41.0
42.0
33.0
51.0
45.0
51.0
42.0
34.0
27.0
40.0
37.0
45.0
46.0
48.0
42.0
48.0
34.0
48.0
48.0
44.0
37.0
51.0
39.0
27.0
48.0
51.0
39.0
44.0
52.0
36.0
34.0
43.0
42.0
34.0
45.0
36.0
27.0
48.0
37.0
39.0
46.0
37.0
39.0
45.0
45.0
40.0
42.0
54.0
42.0
42.0
45.0
33.0
39.0
31.0
42.0
49.0
46.0
39.0
37.0
37.0
54.0
42.0
50.0
45.0
36.0
42.0
28.0
39.0
57.0
49.0
45.0
42.0
39.0
47.0
49.0
55.0
48.0
37.0
31.0
45.0
43.0
33.0
43.0
48.0
45.0
62.0
46.0
50.0
45.0
54.0
43.0
41.0
33.0
30.0
42.0
35.0
42.0
49.0
51.0
48.0
52.0
42.0
21.0
36.0
42.0
46.0
51.0
32.0
24.0
46.0
48.0
42.0
43.0
35.0
53.0
36.0
51.0
53.0
45.0
38.0
52.0
42.0
30.0
34.0
39.0
48.0
36.0
49.0
45.0
32.0
38.0
49.0
44.0
40.0
40.0
30.0
42.0
33.0
43.0
54.0
47.0
36.0
48.0
52.0
36.0
48.0
49.0
51.0
40.0
42.0
39.0
21.0
46.0
48.0
45.0
50.0
24.0
39.0
27.0
51.0
40.0
41.0
42.0
49.0
30.0
48.0
29.0
43.0
47.0
51.0
36.0
33.0
45.0
43.0
46.0
36.0
39.0
52.0
50.0
42.0
42.0
39.0
45.0
44.0
42.0
40.0
24.0
51.0
46.0
45.0
49.0
46.0
39.0
54.0
54.0
42.0
34.0
39.0
35.0
36.0
48.0
37.0
42.0
24.0
43.0
30.0
38.0
46.0
42.0
42.0
46.0
40.0
47.0
34.0
42.0
42.0
41.0
39.0
46.0
35.0
42.0
33.0
46.0
39.0
24.0
49.0
38.0
38.0
48.0
42.0
28.0
33.0
44.0
44.0
40.0
54.0
40.0
33.0
39.0
38.0
43.0
42.0
34.0
49.0
45.0
46.0
44.0
49.0
35.0
45.0
55.0
40.0
47.0
42.0
39.0
43.0
51.0
46.0
49.0
45.0
39.0
43.0
39.0
28.0
32.0
45.0
42.0
34.0
33.0
38.0
33.0
42.0
39.0
21.0
39.0
33.0
45.0
47.0
21.0
34.0
43.0
44.0
34.0
36.0
39.0
37.0
42.0
24.0
39.0
48.0
45.0
28.0
39.0
47.0
40.0
50.0
37.0
55.0
45.0
36.0
39.0
48.0
45.0
42.0
41.0
54.0
42.0
42.0
48.0
43.0
47.0
50.0
36.0
46.0
36.0
43.0
39.0
41.0
40.0
37.0
53.0
49.0
44.0
51.0
46.0
39.0
42.0
36.0
43.0
42.0
39.0
36.0
42.0
47.0
34.0
44.0
46.0
36.0
47.0
30.0
27.0
38.0
39.0
54.0
49.0
42.0
44.0
45.0
50.0
33.0
52.0
39.0
39.0
33.0
49.0
45.0
46.0
36.0
36.0
43.0
33.0
39.0
42.0
36.0
39.0
43.0
46.0
43.0
45.0
45.0
39.0
36.0
27.0
37.0
45.0
46.0
36.0
43.0
31.0
33.0
54.0
41.0
43.0
43.0
51.0
42.0
45.0
51.0
51.0
42.0
37.0
48.0
39.0
40.0
55.0
33.0
55.0
48.0
39.0
39.0
27.0
27.0
39.0
27.0
39.0
24.0
50.0
43.0
49.0
33.0
46.0
47.0
34.0
49.0
42.0
49.0
36.0
40.0
46.0
39.0
41.0
48.0
43.0
42.0
36.0
49.0
48.0
46.0
45.0
33.0
40.0
21.0
30.0
40.0
33.0
48.0
48.0
36.0
43.0
51.0
46.0
31.0
51.0
45.0
43.0
35.0
55.0
33.0
48.0
40.0
37.0
40.0
33.0
59.0
43.0
24.0
27.0
33.0
43.0
33.0
40.0
40.0
39.0
36.0
38.0
40.0
39.0
45.0
40.0
36.0
40.0
42.0
39.0
24.0
49.0
40.0
42.0
39.0
45.0
42.0
38.0
33.0
44.0
40.0
37.0
45.0
36.0
40.0
36.0
46.0
51.0
36.0
54.0
42.0
57.0
41.0
34.0
56.0
36.0
39.0
48.0
45.0
31.0
34.0
37.0
33.0
54.0
39.0
45.0
34.0
21.0
39.0
30.0
45.0
43.0
31.0
46.0
38.0
51.0
34.0
39.0
48.0
32.0
39.0
33.0
39.0
42.0
42.0
39.0
39.0
42.0
42.0
51.0
30.0
39.0
36.0
46.0
48.0
51.0
48.0
42.0
21.0
36.0
37.0
42.0
36.0
45.0
34.0
48.0
49.0
43.0
39.0
52.0
42.0
24.0
43.0
47.0
45.0
40.0
36.0
31.0
51.0
45.0
40.0
46.0
45.0
55.0
33.0
39.0
39.0
42.0
52.0
45.0
42.0
30.0
30.0
37.0
43.0
45.0
42.0
28.0
45.0
43.0
47.0
51.0
33.0
31.0
42.0
45.0
41.0
33.0
51.0
24.0
42.0
48.0
45.0
46.0
43.0
44.0
31.0
45.0
45.0
48.0
42.0
39.0
38.0
30.0
34.0
33.0
48.0
48.0
46.0
42.0
35.0
27.0
42.0
33.0
36.0
42.0
40.0
27.0
30.0
37.0
36.0
46.0
43.0
42.0
39.0
37.0
33.0
34.0
46.0
44.0
52.0
52.0
53.0
43.0
46.0
36.0
37.0
33.0
37.0
46.0
46.0
39.0
36.0
39.0
33.0
54.0
40.0
46.0
43.0
57.0
49.0
57.0
39.0
15.0
33.0
33.0
33.0
35.0
30.0
50.0
43.0
39.0
42.0
33.0
49.0
34.0
42.0
37.0
30.0
28.0
31.0
37.0
31.0
39.0
50.0
39.0
47.0
39.0
40.0
51.0
36.0
43.0
36.0
46.0
46.0
49.0
39.0
38.0
40.0
37.0
33.0
36.0
39.0
30.0
49.0
43.0
48.0
48.0
40.0
33.0
48.0
