55.0
49.0
54.0
48.0
43.0
53.0
51.0
45.0
58.0
52.0
46.0
55.0
45.0
46.0
58.0
54.0
36.0
48.0
42.0
43.0
48.0
42.0
49.0
54.0
40.0
48.0
49.0
52.0
45.0
48.0
43.0
42.0
44.0
46.0
45.0
42.0
49.0
55.0
50.0
50.0
48.0
45.0
47.0
46.0
51.0
46.0
61.0
40.0
44.0
51.0
42.0
49.0
48.0
55.0
39.0
53.0
45.0
43.0
51.0
55.0
46.0
49.0
42.0
55.0
50.0
45.0
45.0
55.0
45.0
52.0
24.0
48.0
50.0
52.0
48.0
42.0
38.0
44.0
47.0
51.0
47.0
42.0
46.0
59.0
40.0
48.0
51.0
52.0
53.0
48.0
43.0
49.0
42.0
47.0
56.0
47.0
61.0
49.0
52.0
43.0
