40.0
44.0
52.0
53.0
45.0
40.0
46.0
48.0
46.0
51.0
50.0
49.0
45.0
54.0
42.0
49.0
45.0
46.0
52.0
50.0
36.0
36.0
42.0
45.0
43.0
45.0
51.0
39.0
48.0
43.0
49.0
49.0
45.0
41.0
42.0
39.0
49.0
55.0
42.0
49.0
60.0
46.0
58.0
41.0
47.0
46.0
51.0
51.0
46.0
51.0
48.0
52.0
47.0
46.0
46.0
45.0
51.0
48.0
54.0
46.0
45.0
34.0
52.0
59.0
45.0
57.0
50.0
42.0
40.0
43.0
50.0
54.0
54.0
43.0
49.0
48.0
49.0
47.0
54.0
48.0
49.0
51.0
50.0
49.0
43.0
42.0
54.0
53.0
50.0
48.0
55.0
54.0
45.0
45.0
55.0
48.0
49.0
43.0
46.0
45.0
