49.0
51.0
53.0
54.0
44.0
47.0
45.0
39.0
58.0
48.0
54.0
46.0
55.0
51.0
43.0
40.0
51.0
49.0
48.0
48.0
50.0
50.0
48.0
50.0
50.0
51.0
36.0
51.0
43.0
56.0
45.0
51.0
47.0
49.0
49.0
45.0
48.0
49.0
49.0
53.0
46.0
54.0
43.0
45.0
46.0
42.0
51.0
45.0
36.0
43.0
46.0
58.0
43.0
40.0
47.0
57.0
57.0
51.0
51.0
54.0
49.0
48.0
48.0
45.0
54.0
58.0
50.0
51.0
50.0
49.0
51.0
42.0
49.0
52.0
53.0
54.0
45.0
53.0
39.0
42.0
45.0
52.0
51.0
54.0
48.0
57.0
61.0
55.0
46.0
48.0
50.0
50.0
52.0
42.0
51.0
42.0
48.0
50.0
44.0
51.0
