55.0
36.0
46.0
39.0
54.0
45.0
52.0
54.0
52.0
51.0
45.0
51.0
55.0
55.0
42.0
48.0
48.0
42.0
53.0
51.0
46.0
45.0
48.0
48.0
42.0
49.0
48.0
54.0
57.0
53.0
45.0
51.0
51.0
54.0
37.0
46.0
52.0
46.0
48.0
52.0
39.0
49.0
43.0
48.0
52.0
47.0
48.0
57.0
50.0
49.0
55.0
53.0
49.0
42.0
46.0
45.0
50.0
49.0
45.0
49.0
50.0
51.0
48.0
42.0
53.0
60.0
57.0
39.0
48.0
49.0
53.0
46.0
51.0
52.0
49.0
37.0
49.0
62.0
51.0
51.0
47.0
49.0
50.0
43.0
45.0
48.0
57.0
49.0
48.0
45.0
41.0
51.0
45.0
39.0
51.0
50.0
52.0
45.0
45.0
51.0
