24.0
41.0
39.0
44.0
42.0
40.0
44.0
43.0
42.0
37.0
44.0
38.0
40.0
27.0
33.0
43.0
42.0
45.0
36.0
45.0
30.0
43.0
37.0
43.0
42.0
42.0
39.0
23.0
3.0
34.0
42.0
37.0
36.0
39.0
41.0
12.0
34.0
39.0
39.0
43.0
39.0
42.0
43.0
39.0
40.0
34.0
44.0
43.0
39.0
39.0
43.0
38.0
33.0
34.0
27.0
46.0
37.0
37.0
40.0
39.0
42.0
36.0
15.0
21.0
36.0
37.0
44.0
40.0
40.0
43.0
40.0
30.0
43.0
39.0
45.0
39.0
30.0
34.0
33.0
42.0
28.0
49.0
47.0
33.0
40.0
47.0
30.0
6.0
44.0
30.0
45.0
42.0
50.0
36.0
48.0
52.0
25.0
36.0
47.0
34.0
51.0
47.0
46.0
37.0
30.0
49.0
34.0
42.0
37.0
22.0
48.0
18.0
36.0
38.0
32.0
12.0
27.0
34.0
39.0
45.0
52.0
43.0
48.0
48.0
42.0
42.0
44.0
9.0
35.0
44.0
43.0
36.0
42.0
32.0
48.0
27.0
42.0
42.0
33.0
9.0
39.0
27.0
34.0
34.0
32.0
43.0
39.0
39.0
40.0
37.0
42.0
38.0
47.0
38.0
39.0
39.0
28.0
35.0
31.0
44.0
33.0
40.0
39.0
33.0
22.0
44.0
39.0
46.0
45.0
17.0
31.0
30.0
40.0
44.0
40.0
37.0
46.0
33.0
45.0
36.0
45.0
36.0
36.0
42.0
43.0
40.0
36.0
42.0
42.0
31.0
43.0
46.0
13.0
9.0
39.0
30.0
12.0
42.0
43.0
42.0
45.0
45.0
54.0
33.0
34.0
3.0
45.0
43.0
22.0
39.0
43.0
45.0
21.0
18.0
34.0
27.0
46.0
40.0
40.0
39.0
43.0
36.0
40.0
9.0
39.0
37.0
37.0
39.0
42.0
36.0
42.0
34.0
49.0
39.0
27.0
39.0
47.0
13.0
47.0
33.0
42.0
39.0
39.0
48.0
46.0
42.0
18.0
39.0
9.0
40.0
39.0
42.0
37.0
42.0
45.0
40.0
42.0
38.0
39.0
40.0
43.0
25.0
41.0
43.0
32.0
43.0
45.0
35.0
37.0
37.0
28.0
39.0
51.0
33.0
42.0
47.0
39.0
47.0
44.0
34.0
18.0
21.0
51.0
43.0
37.0
42.0
48.0
47.0
45.0
40.0
49.0
49.0
40.0
45.0
34.0
35.0
15.0
39.0
30.0
34.0
39.0
37.0
37.0
37.0
10.0
47.0
44.0
37.0
40.0
49.0
3.0
21.0
30.0
48.0
42.0
38.0
49.0
35.0
42.0
21.0
30.0
42.0
36.0
40.0
31.0
41.0
39.0
39.0
37.0
40.0
37.0
15.0
43.0
9.0
42.0
37.0
48.0
43.0
32.0
9.0
44.0
24.0
9.0
34.0
45.0
35.0
48.0
30.0
36.0
40.0
29.0
44.0
36.0
45.0
34.0
33.0
46.0
44.0
49.0
30.0
33.0
34.0
45.0
41.0
37.0
33.0
39.0
39.0
42.0
30.0
35.0
31.0
34.0
33.0
48.0
36.0
36.0
33.0
6.0
47.0
6.0
40.0
42.0
45.0
27.0
36.0
36.0
40.0
32.0
39.0
43.0
42.0
36.0
45.0
43.0
19.0
34.0
39.0
35.0
33.0
12.0
45.0
44.0
31.0
37.0
39.0
31.0
41.0
31.0
36.0
31.0
15.0
36.0
44.0
22.0
48.0
48.0
45.0
43.0
39.0
46.0
43.0
31.0
18.0
40.0
42.0
10.0
27.0
34.0
45.0
48.0
39.0
46.0
36.0
38.0
47.0
33.0
36.0
31.0
42.0
46.0
42.0
37.0
33.0
21.0
28.0
36.0
42.0
45.0
33.0
42.0
37.0
33.0
35.0
34.0
20.0
40.0
36.0
40.0
42.0
22.0
48.0
33.0
19.0
39.0
42.0
37.0
21.0
34.0
49.0
32.0
33.0
49.0
43.0
46.0
33.0
36.0
21.0
30.0
27.0
34.0
30.0
36.0
35.0
36.0
44.0
31.0
36.0
51.0
37.0
42.0
31.0
33.0
33.0
40.0
44.0
47.0
40.0
31.0
43.0
32.0
42.0
33.0
36.0
41.0
42.0
42.0
46.0
39.0
52.0
42.0
24.0
49.0
9.0
40.0
45.0
42.0
34.0
38.0
49.0
36.0
34.0
39.0
36.0
33.0
43.0
35.0
39.0
39.0
45.0
11.0
39.0
50.0
40.0
43.0
44.0
44.0
43.0
18.0
39.0
42.0
30.0
39.0
40.0
40.0
47.0
51.0
33.0
46.0
41.0
34.0
46.0
47.0
42.0
40.0
3.0
36.0
39.0
31.0
41.0
36.0
34.0
38.0
37.0
42.0
30.0
15.0
39.0
39.0
46.0
43.0
34.0
41.0
42.0
34.0
33.0
57.0
39.0
36.0
34.0
50.0
41.0
33.0
33.0
38.0
39.0
38.0
45.0
43.0
45.0
37.0
38.0
42.0
33.0
40.0
33.0
41.0
39.0
49.0
45.0
36.0
40.0
27.0
39.0
39.0
41.0
42.0
48.0
37.0
49.0
45.0
45.0
39.0
34.0
44.0
33.0
39.0
33.0
43.0
34.0
43.0
28.0
30.0
44.0
40.0
45.0
52.0
38.0
44.0
43.0
44.0
37.0
18.0
48.0
37.0
12.0
35.0
48.0
17.0
6.0
36.0
33.0
36.0
27.0
43.0
33.0
45.0
37.0
47.0
40.0
37.0
34.0
39.0
30.0
34.0
36.0
45.0
42.0
40.0
44.0
24.0
36.0
24.0
46.0
42.0
25.0
39.0
43.0
36.0
34.0
49.0
41.0
40.0
43.0
18.0
41.0
33.0
47.0
45.0
50.0
33.0
45.0
43.0
42.0
38.0
33.0
46.0
44.0
33.0
44.0
31.0
9.0
42.0
18.0
34.0
33.0
37.0
38.0
37.0
39.0
37.0
36.0
50.0
39.0
37.0
46.0
34.0
39.0
49.0
37.0
39.0
44.0
33.0
42.0
39.0
34.0
37.0
40.0
42.0
36.0
38.0
51.0
37.0
39.0
36.0
30.0
30.0
43.0
39.0
39.0
30.0
37.0
39.0
33.0
44.0
36.0
42.0
59.0
33.0
43.0
43.0
48.0
6.0
36.0
36.0
37.0
22.0
36.0
45.0
47.0
39.0
33.0
35.0
37.0
28.0
6.0
46.0
30.0
32.0
39.0
43.0
39.0
49.0
37.0
24.0
15.0
33.0
39.0
45.0
36.0
39.0
40.0
33.0
37.0
43.0
33.0
33.0
31.0
40.0
47.0
35.0
36.0
15.0
46.0
37.0
6.0
45.0
39.0
54.0
48.0
46.0
39.0
42.0
49.0
44.0
46.0
28.0
48.0
15.0
33.0
36.0
40.0
37.0
44.0
39.0
51.0
21.0
30.0
48.0
45.0
22.0
0.0
10.0
36.0
35.0
40.0
42.0
39.0
40.0
30.0
31.0
15.0
33.0
32.0
46.0
33.0
31.0
39.0
39.0
46.0
36.0
45.0
51.0
31.0
41.0
54.0
31.0
18.0
39.0
56.0
33.0
40.0
45.0
53.0
38.0
31.0
36.0
36.0
39.0
33.0
12.0
18.0
42.0
37.0
40.0
33.0
42.0
40.0
38.0
33.0
37.0
33.0
13.0
46.0
45.0
37.0
37.0
30.0
43.0
36.0
37.0
40.0
40.0
37.0
33.0
18.0
52.0
36.0
38.0
51.0
34.0
39.0
36.0
46.0
40.0
46.0
12.0
30.0
45.0
45.0
40.0
36.0
12.0
30.0
45.0
22.0
40.0
45.0
40.0
36.0
51.0
39.0
37.0
33.0
36.0
33.0
43.0
38.0
37.0
40.0
37.0
42.0
18.0
36.0
24.0
44.0
46.0
45.0
39.0
37.0
10.0
45.0
37.0
34.0
3.0
36.0
44.0
36.0
46.0
36.0
21.0
31.0
45.0
46.0
38.0
39.0
42.0
44.0
39.0
44.0
36.0
52.0
39.0
33.0
42.0
46.0
40.0
39.0
33.0
41.0
6.0
46.0
37.0
46.0
15.0
36.0
40.0
40.0
42.0
48.0
48.0
30.0
42.0
48.0
41.0
41.0
42.0
42.0
36.0
40.0
46.0
38.0
30.0
35.0
12.0
41.0
31.0
42.0
42.0
9.0
39.0
33.0
24.0
48.0
42.0
38.0
6.0
33.0
33.0
30.0
40.0
34.0
25.0
45.0
34.0
39.0
45.0
41.0
40.0
31.0
